-52
651
765
-944
573
-324
381
-782
-489
39
147
104
84
-632
173
811
-25
326
-954
148
-490
428
-443
199
681
631
290
665
-81
525
-328
556
469
269
-558
-906
480
-596
314
646
-48
936
-111
-291
-659
-862
-456
178
489
13
-870
-753
-811
942
461
496
385
-900
259
706
-506
-96
-385
438
-952
816
-670
388
-551
999
155
-727
591
-259
-273
-393
385
-998
-976
-546
-370
37
252
103
820
-983
817
882
358
402
96
-877
-554
276
-756
372
-856
-175
301
988
919
20
-936
-62
568
-193
531
15
-119
871
728
-818
468
671
-558
592
-4
-463
178
703
689
298
-523
897
656
-16
-835
100
190
-993
-740
534
-861
899
265
-509
501
479
848
-661
-14
662
-509
781
-679
93
-449
-881
63
-836
697
-856
205
-763
-546
771
-483
-735
-202
3
-928
426
-300
852
-124
932
-893
269
51
-558
936
-802
-881
995
-797
420
-338
841
-952
-632
626
-269
-647
-943
640
-472
212
80
-264
614
482
57
14
-812
-795
585
104
-823
597
621
-217
-76
-632
-370
111
-990
71
-178
137
216
-113
727
478
-260
760
388
743
758
-648
-972
504
106
-420
-773
218
-772
-688
-235
-717
-163
597
343
-661
-808
703
825
59
-46
626
352
-556
-301
879
147
-594
688
289
620
-529
663
-759
144
-4
-314
-922
-178
927
123
90
-933
261
-934
865
11
-824
-538
-456
978
527
-823
401
839
-757
-653
-547
240
-322
643
-905
522
928
730
636
-792
765
805
65
652
-590
-614
488
-309
653
-406
-294
606
369
806
618
926
-798
-318
-150
227
971
-649
-249
989
519
-870
-415
-917
244
278
168
904
353
807
-42
-113
-828
-59
326
-653
888
870
863
425
-947
-369
418
489
755
-656
-997
-114
-300
812
-36
399
662
217
382
92
308
-868
227
746
193
883
-638
-370
-275
-166
-671
-849
821
617
-22
-46
-824
407
217
-263
-398
-538
402
230
-206
-258
-161
302
-76
314
-788
716
413
-865
-612
-206
983
6
-170
-782
-192
464
99
-835
-913
-110
-383
-976
305
575
618
-50
581
-31
242
990
-673
-811
-374
-834
520
697
-350
-283
279
536
86
-124
-801
-39
689
816
55
985
-678
792
245
-824
131
-373
-507
798
-296
782
-598
-680
127
-406
508
-903
483
-462
728
-257
-996
995
-634
960
-532
515
-58
-585
-124
911
-225
922
366
-631
-946
-937
155
-841
535
552
-303
-298
-492
-800
-88
-477
-148
-567
730
919
-510
33
-247
850
-350
-493
362
814
-762
-263
861
515
394
140
-120
480
849
-501
344
904
-864
126
-432
270
233
512
491
434
999
-394
-59
939
-426
193
-91
-715
36
603
-51
-29
715
306
-913
251
551
742
-816
712
-20
31
724
-557
-852
-767
963
-103
888
-643
-913
762
-600
374
29
537
317
483
983
419
-105
183
-704
-598
794
-688
-305
-539
-955
558
-637
819
-360
-646
-944
-902
170
-880
140
-230
223
295
-843
477
-144
257
29
-378
602
780
265
-327
-294
956
-113
736
-315
622
-828
-692
-938
777
-39
-803
751
44
731
725
-347
-981
229
-68
-214
372
-617
491
-604
-68
966
68
-865
960
985
-631
-523
-753
-590
210
709
375
48
934
767
-861
-1
-504
-630
-399
964
-65
-68
872
906
-561
-244
-632
887
-709
-623
-879
-713
921
-88
-668
-335
-625
821
494
-59
522
493
689
-283
308
-656
546
-162
664
-223
-747
895
-19
90
660
-753
456
710
944
-519
903
-816
-257
-624
-657
64
383
665
179
307
568
103
-697
326
-156
-788
-103
583
-849
709
273
-584
-500
49
467
153
409
486
-761
-753
906
-270
169
645
42
438
-219
-969
-550
996
-245
-308
949
35
260
891
-687
908
468
-202
84
-349
309
608
-166
-183
142
180
861
409
-347
370
-300
-805
317
-444
663
516
-658
-466
344
808
-452
562
45
451
-266
-63
-435
-990
-552
-527
116
482
865
-736
-51
-15
659
163
-154
236
354
415
-283
782
-842
857
0
-587
846
478
435
-572
-550
-664
-120
-279
-514
-207
320
670
-576
374
60
-616
-984
-563
-423
789
340
-305
33
-608
847
-460
659
-405
241
-257
757
-210
-800
-849
-715
-782
-707
-602
180
956
122
-919
970
-48
-785
-304
359
951
-413
917
-18
864
495
603
646
604
-833
-5
511
816
987
491
974
999
919
-142
-539
-281
-112
-951
-654
388
-782
79
205
-71
-579
-397
-194
843
-402
-985
415
739
596
995
107
-686
13
-156
-390
-872
-714
-87
-193
-984
-589
339
-141
-320
-625
-234
735
-744
149
-955
-206
-460
-164
-972
430
-664
46
-45
222
-751
729
708
729
614
-144
-160
-65
-863
134
800
50
-566
543
99
160
-146
-177
248
-258
526
-862
-973
-845
-578
840
555
625
849
-766
-282
534
-214
-728
781
-285
732
-939
768
476
184
-207
571
599
-249
644
-248
-590
-954
-246
-504
18
-387
-285
-61
722
397
-479
224
494
606
534
521
985
-647
-577
34
653
-668
364
-632
-896
-120
-370
-865
811
-240
-83
653
-580
344
471
153
732
813
-122
-723
-930
0
179
-725
500
124
519
-719
123
-26
-842
848
480
-28
-319
554
-227
636
565
-786
-174
-539
-645
245
673
630
474
-819
614
-495
93
930
-137
-793
-32
748
893
346
156
118
-107
-82
-63
227
-44
862
8
763
865
450
-62
811
-786
-270
181
150
-338
-690
109
-774
333
566
654
311
-362
-488
125
140
55
358
211
13
-844
102
812
-917
-528
-357
-42
302
540
769
-216
-335
179
-445
726
-511
-314
-187
-867
-895
-23
-796
138
223
451
-354
120
-309
847
168
-457
-442
-444
-32
-376
-609
349
-832
273
698
975
311
510
74
809
253
653
-539
-8
906
836
-644
-596
-590
-694
58
-859
702
-906
284
394
640
69
672
-852
-883
-705
-44
-343
-172
-235
-410
467
-959
649
-912
899
-279
484
-683
725
-378
683
-861
580
95
557
26
-223
264
549
-764
672
727
-590
872
307
-987
196
972
-229
980
-399
-152
-502
241
-916
-293
-909
12
640
-957
908
-750
649
-92
468
-204
384
18
356
532
-345
-530
971
-479
844
383
-912
414
811
-2
109
-738
-911
133
340
-49
-598
-586
227
794
645
890
947
254
220
333
748
714
579
-779
799
13
113
-313
464
-400
960
555
-895
-387
119
725
229
-581
-962
-744
-749
186
464
-994
572
-936
671
-267
211
-998
-973
-466
253
692
-268
-350
-416
-816
206
-780
-237
531
629
26
-113
277
-740
-67
426
727
543
625
641
394
-616
957
-564
803
-19
-435
502
-635
497
724
135
-694
971
-320
-390
-951
-731
-333
932
264
-500
-508
-228
655
-471
-988
-436
-382
-922
351
63
768
266
-623
363
368
-424
-607
-557
517
300
868
-193
-919
-992
-704
259
682
966
443
-803
847
-435
188
809
677
948
-500
536
303
-978
742
468
-942
445
-250
150
776
686
-685
-775
-418
-396
-578
964
145
-557
-515
905
-487
567
336
460
120
-949
715
-366
-737
569
336
-698
-513
-657
-785
-124
206
-753
-548
212
668
-575
471
-340
386
-342
365
812
-959
273
-220
838
307
-933
670
-494
-637
-122
-867
512
-417
100
302
902
110
633
-294
53
-296
-362
497
-351
209
484
49
-885
756
101
617
-702
-362
-970
-812
-140
-483
-322
277
359
298
835
-727
-572
-800
341
-622
664
142
252
-352
-769
-70
659
-493
-413
793
-629
885
-304
-306
549
332
224
-993
944
-51
356
196
385
-247
-83
219
344
-319
276
-468
527
715
437
-375
825
38
-910
-259
-978
-163
-830
-285
-343
-939
327
117
-545
232
294
236
364
723
-873
757
-621
-217
771
-85
706
26
-874
-494
34
-798
-334
-94
-754
959
719
-710
880
-366
126
-880
336
-178
292
-836
733
-902
110
437
-256
-408
977
378
326
333
218
317
832
-259
-208
453
984
709
-791
-967
454
696
889
-152
-905
-398
-369
803
-170
874
210
400
606
-534
-513
488
-559
-270
-852
547
197
825
713
-631
-5
789
10
345
635
556
712
986
-557
340
747
911
5
506
-258
-115
571
-879
-619
-597
-502
861
-283
-864
67
170
75
773
139
-996
-847
-916
-609
888
-499
48
-592
744
-698
142
316
-973
848
-950
-933
-453
391
832
447
60
-921
-129
-853
-610
401
-74
-538
197
326
254
-903
588
735
-30
-843
513
-43
416
936
112
-896
-67
-989
22
-98
-92
-381
-639
471
214
494
-88
-118
-491
718
-256
830
-431
662
-804
-869
168
-681
160
122
775
934
967
490
542
708
429
-912
598
-137
365
-17
740
-372
68
635
-606
-326
250
807
-753
546
953
-234
348
67
-126
845
-34
597
772
639
-942
549
185
593
901
-25
-197
-836
-705
-408
142
159
-846
264
871
-60
-299
-767
-281
-244
184
48
20
-6
507
654
203
359
691
619
-898
-675
123
786
369
-626
899
489
-133
61
-708
93
12
-671
724
241
23
-626
-85
-304
693
536
-890
9
209
-810
-404
-946
-320
-309
-711
422
-12
-145
59
-177
-823
427
581
712
-474
-476
-922
927
710
320
447
488
948
-834
463
974
-761
-652
964
-749
-801
-367
-519
566
-205
-232
-348
476
-231
354
92
-565
-43
747
879
-828
877
497
-489
606
620
86
-773
-608
760
452
-957
122
-213
142
-823
-839
796
503
513
-558
779
-558
445
-837
831
-357
-813
-804
54
-539
6
-463
-178
-297
-263
-686
569
754
-545
-961
712
-355
457
-849
-340
-526
263
36
379
68
-88
657
162
-234
300
660
300
-483
322
20
210
1
-82
-134
424
-954
533
667
900
-971
-908
-187
593
452
-727
-423
-782
230
521
-893
-822
350
-939
30
-210
606
15
729
-190
29
-368
153
-975
-364
135
243
-191
263
330
900
-786
-918
499
244
527
-151
287
-42
-206
274
479
598
-222
-129
214
501
-129
-862
798
616
-208
837
67
-675
-38
-991
112
626
-897
478
-447
946
-151
242
821
205
222
207
-216
-424
-68
-340
465
914
834
-649
971
-32
-725
-555
300
671
152
913
837
-430
-651
914
-444
583
-991
-154
-872
-167
367
148
904
-789
-825
949
-295
352
90
113
-368
-269
-781
-959
453
-535
50
936
-89
382
746
-741
92
-443
-667
-299
466
-300
-18
476
-979
-757
-207
-755
-845
427
-820
549
-199
49
-162
-203
120
519
-888
724
-595
260
-685
-451
-211
-659
81
-991
-945
779
925
770
-262
-178
59
-427
781
-509
919
205
-311
758
513
179
340
-905
-550
479
-648
-117
-760
-187
779
-208
-840
-817
666
-378
622
364
415
-985
797
-633
-436
-17
542
709
689
662
-418
-728
15
543
-543
-494
-162
-170
483
584
490
-224
-989
449
960
-266
262
-330
-317
-315
771
-24
305
-748
835
419
129
-321
65
24
-121
-251
490
37
94
555
681
451
-649
-892
761
123
-153
-74
466
-862
397
-841
291
-967
-588
385
-678
-36
-922
-605
-765
-708
-259
688
-916
-914
616
-907
-601
455
-356
196
-62
-529
69
-337
-963
-940
555
-998
-928
818
202
-332
-456
357
469
475
265
791
-416
-214
-6
-797
-494
334
-781
-863
116
-27
-277
913
-955
-784
471
-253
295
581
-722
151
131
280
-913
-879
-471
-364
-198
920
-186
-131
-67
122
-464
161
657
-757
-480
966
431
-649
-501
877
-882
483
45
-882
925
-286
797
-664
-459
778
306
-909
161
-932
240
-290
-33
-818
28
48
-827
-782
-981
-98
673
-896
-593
553
-102
373
-585
995
-464
875
-633
761
388
328
-198
-798
627
794
719
293
-255
257
141
-230
-446
-859
563
-897
13
-401
-698
30
-803
-635
726
488
-426
-644
731
-275
-513
-712
-869
-258
816
877
-17
708
-692
-406
-493
-669
242
-582
-517
15
-659
443
880
254
572
955
742
-218
901
-868
951
939
-958
904
184
383
341
359
-938
-913
387
-517
-826
832
147
-761
-6
741
-182
435
414
-46
-837
658
693
-643
810
12
-192
316
632
-542
-310
-14
653
-850
-881
588
27
-679
-863
-203
782
-75
377
293
-274
935
-965
-159
507
-140
382
764
795
546
547
808
-898
255
95
-23
-280
556
248
-570
395
54
404
209
-685
-64
403
871
-601
40
281
-769
-426
-169
-372
-820
42
-656
553
483
-889
479
-292
-98
866
626
124
-163
886
-504
-158
695
679
-526
930
917
106
366
694
391
191
8
76
-421
499
-717
703
-131
-512
-309
95
395
456
122
788
-493
-463
690
800
144
-445
109
335
-551
357
-243
-6
934
371
-950
-192
921
155
754
-764
571
440
932
-705
974
-150
-232
284
-128
-501
-477
-405
306
136
-571
-259
880
-686
-957
-887
-407
624
-124
-943
-30
-397
-462
577
771
516
533
376
46
-274
-29
-165
297
104
529
988
-955
875
-64
636
-834
-398
906
-262
872
-5
112
-991
-467
-970
-419
-99
-458
132
113
-707
440
-420
174
566
-643
-379
100
-666
549
-540
-811
530
258
991
960
914
861
-212
877
844
485
808
-497
-173
-698
171
287
809
-783
-266
-3
-203
-869
-229
587
-989
-504
846
-565
-269
-459
113
868
682
444
-558
612
614
-985
-985
-229
-812
291
-814
-60
-38
563
993
-295
0
-132
416
633
784
175
327
-941
860
-860
809
-331
327
131
-49
444
-800
-109
-646
240
421
-327
377
566
-507
986
-436
-416
102
892
702
-824
-293
-431
-197
186
805
-39
26
12
-694
435
-82
-672
-226
-435
-715
117
347
-38
-651
-763
866
-742
84
432
-508
611
-23
133
115
650
408
573
-121
554
-743
-215
-722
341
203
-317
713
943
-707
-890
76
218
-264
673
613
378
-881
-20
-206
-941
-603
-103
976
-695
933
-288
938
-105
550
577
-179
956
437
472
335
-375
387
-170
-259
-927
-981
-986
549
-161
834
-520
-911
730
-334
886
69
74
689
-842
-237
595
570
-242
-489
-777
671
-139
-666
928
14
-242
628
-450
-440
834
372
-83
-205
-727
737
664
695
917
-522
777
193
269
245
-243
-952
194
-357
224
-712
-287
-884
162
322
748
-74
-956
-60
57
292
-167
237
211
-842
-861
519
-476
285
939
521
-369
12
498
-286
-28
501
230
190
-306
895
-397
-883
-288
-496
485
745
32
-923
213
-832
-798
313
744
-754
501
-340
335
-702
-496
612
-571
-385
-948
900
-423
328
-964
-119
-471
772
285
949
-600
760
-802
-816
177
-202
404
-421
137
563
360
-389
-374
733
564
-471
-572
578
866
236
-713
106
-227
-381
-733
-643
747
636
-116
633
-973
-534
-952
-928
616
-504
708
454
899
-421
851
-377
-255
-451
-389
-737
-42
-388
-190
-349
-631
118
-796
311
266
929
-119
504
352
-779
132
-897
-81
281
-754
-834
146
-810
-674
311
-708
974
272
-716
214
-333
49
446
892
534
608
719
519
-286
375
171
662
-168
-51
634
871
-23
-992
-243
928
827
503
237
80
-573
-49
-651
790
-614
627
568
-559
877
-531
-88
880
-373
-192
345
-100
-80
425
-174
-671
-328
-674
-67
111
488
-144
8
502
-146
832
-484
-835
-175
-224
-951
-918
935
670
-352
333
-650
-85
-890
-120
-265
816
567
327
449
46
-331
668
-536
262
-343
-436
290
614
-31
-987
696
168
-683
793
799
-855
339
386
188
268
-428
747
360
-642
278
418
155
-132
-55
598
-797
-792
-730
965
659
443
-737
77
-698
974
-593
-343
189
29
97
792
760
379
297
-45
908
728
445
-924
447
-195
-432
-359
-380
-638
-864
135
365
384
473
205
-144
962
590
-803
-101
27
406
-104
10
551
-239
-764
-851
937
316
-513
-381
-402
962
-304
-506
280
233
-656
191
-98
560
33
-797
-132
700
183
-165
556
763
585
-731
47
-609
716
-272
22
8
854
-683
-614
-242
83
-288
139
-43
-293
465
770
-188
-21
-347
-820
-348
492
-491
765
29
-919
-968
258
-361
-593
403
557
695
605
112
-644
726
805
-8
-662
-887
538
-567
-164
-937
-907
750
-355
-962
-353
630
-600
881
412
-872
-807
-574
444
132
-252
-866
893
196
154
-513
173
-450
-555
896
-570
-275
-37
-173
449
-152
-208
-518
-514
170
180
-631
-640
871
-359
185
123
-929
610
341
-965
318
-288
843
507
-591
180
-31
824
-760
-256
388
51
-313
893
-391
-129
-904
641
-688
968
942
-295
-82
-615
998
280
-998
-391
-348
679
923
885
188
-417
-350
-349
-645
-210
23
921
597
824
957
-208
795
559
586
575
213
758
837
-607
276
823
414
755
590
697
318
-876
546
111
50
329
910
971
768
-965
-75
401
595
323
-390
486
-60
994
-262
47
-814
46
-823
493
-398
-240
510
-997
604
244
820
104
556
492
-804
881
-98
210
-25
668
596
804
-738
-550
-119
-678
179
-688
-931
94
397
-397
-332
-104
-715
-69
274
239
-843
392
-70
-7
952
-416
645
-802
427
-977
358
88
-98
851
-611
-296
-966
-599
-615
-254
-620
866
229
735
818
-227
49
551
-583
-926
-106
157
-749
461
-920
-993
-465
540
181
100
-745
-874
-826
621
704
677
-333
30
-148
600
-458
49
-463
799
252
44
489
729
529
206
532
-483
-4
-298
-811
291
-579
-471
-767
-590
-310
926
262
-20
-924
-379
-534
-460
824
-887
814
-851
221
283
586
-68
-365
149
-238
-213
705
835
243
45
39
-705
-633
-635
-835
-220
72
-487
614
-889
193
-869
142
736
-573
434
-382
987
755
-249
661
-698
575
644
-192
-226
882
136
-216
867
388
3
-267
565
-842
-318
842
346
759
-764
315
760
333
763
-276
-503
-368
623
454
-966
-900
-125
348
-907
235
-428
-656
71
-551
61
-422
-597
-7
993
-358
144
-742
-997
-605
939
-593
-606
-502
-871
-695
193
990
-733
592
-93
153
-64
-682
-893
-960
489
-876
-581
-972
469
-987
-224
-754
-466
331
-542
262
907
715
-154
-667
191
-81
759
-735
158
-391
202
472
108
-665
-656
845
208
-19
-902
-526
762
-928
-449
10
345
-317
-726
305
-718
250
-495
849
220
277
-265
-150
-271
-473
832
153
632
-309
132
392
382
-492
948
-432
990
-138
-625
297
-870
295
-378
-105
-907
-146
977
235
-724
-648
202
-438
714
635
832
-252
-831
605
-494
794
218
76
656
-267
-692
-810
190
102
574
-923
642
-136
-245
932
-286
-521
-920
348
209
-548
-94
988
801
665
-460
-569
621
-318
-161
-878
913
529
894
49
-917
-401
92
-325
-846
558
84
264
800
334
-508
966
-725
-217
-201
-423
27
-940
-137
938
9
773
-351
-827
683
658
-928
-42
354
717
-72
612
-738
-348
324
-489
974
617
-473
435
-802
-816
952
-676
706
522
-425
894
694
338
-991
388
-249
688
-601
810
278
730
-882
896
522
-315
285
-217
903
-258
46
-456
-904
438
-794
-586
524
-139
-650
-517
247
-799
416
657
-101
-339
-809
-409
-41
293
-679
-624
-122
248
220
-767
95
421
177
-204
-969
-398
-449
-794
-148
631
-942
933
-985
859
590
-734
-149
603
-712
-328
-972
60
-117
789
173
-682
-758
169
-396
-103
-591
672
-205
176
776
881
-783
-492
-107
814
93
256
219
997
982
174
-40
-243
-334
-144
592
-256
614
428
-146
-747
-185
313
-507
807
-411
456
-786
-926
861
60
333
145
-713
-247
900
-683
185
361
-375
11
806
-411
-316
78
-974
361
836
215
754
375
268
-910
556
470
-992
-68
-16
74
-539
-431
-494
-977
-246
634
658
-209
54
860
-277
-411
980
315
754
-395
-385
-4
-458
30
938
850
-621
983
65
-284
749
-974
932
-438
622
-146
278
-228
872
575
536
660
125
-376
-771
-729
-325
897
317
711
601
392
670
580
-782
355
920
242
-195
134
28
-482
539
-58
-315
609
30
957
231
484
481
-751
-808
-453
317
-833
-811
-699
767
-302
276
278
-595
-764
-777
252
78
-936
286
94
-542
-773
102
-335
529
994
835
336
242
-485
-92
-601
-46
-739
-70
-867
324
-932
-139
-495
-901
718
237
660
-397
780
-571
694
-574
725
371
392
-161
873
563
270
637
-751
-543
-978
549
-854
-144
-15
-66
221
-637
-2
336
67
-981
299
-46
804
175
-216
409
-279
-383
803
921
427
511
266
-733
111
-235
-440
946
-956
821
960
24
-227
655
482
446
793
648
931
-381
-205
664
-280
-973
-196
679
122
-490
200
248
542
-230
-372
139
-820
651
747
845
50
394
606
-553
856
918
-770
-572
943
878
-69
-423
-591
307
157
-54
382
-582
46
395
683
112
625
906
23
215
-999
161
698
492
511
94
-604
-816
630
-922
848
-805
-189
-616
-273
373
801
517
819
-194
818
564
310
-56
355
895
849
-257
-946
-558
75
815
305
972
765
867
95
501
238
-45
750
177
192
564
366
-81
31
369
765
-814
-21
331
-907
-517
641
-788
-182
598
552
185
168
676
-388
854
-56
128
966
-426
685
237
725
988
-122
449
196
648
-212
-547
-6
299
-489
-29
513
-857
300
-698
-320
936
398
-142
532
964
-756
-913
588
443
734
133
799
112
798
-85
-228
-803
562
483
197
642
290
195
-571
-370
374
-110
734
-396
317
-780
-87
202
-236
-429
-262
-917
391
44
466
531
651
-889
-483
-696
-940
373
652
-792
984
-512
-152
-927
138
188
-890
732
108
117
-155
773
63
-702
-517
723
269
252
793
967
982
125
-858
35
46
99
174
921
640
110
-796
-418
1
938
-436
-544
-457
617
-9
862
-691
-540
347
-434
-355
522
-935
403
-540
267
779
294
597
592
-283
887
-849
802
-892
-913
-412
95
-491
-333
768
381
-643
321
-233
-413
-536
979
886
222
386
88
939
991
-585
541
680
-669
189
340
-735
694
-78
-118
974
-880
902
-913
-89
494
-352
718
890
685
542
483
828
-836
-21
454
898
-114
-295
670
620
82
-316
-37
494
99
318
-697
57
942
-798
-191
-288
920
-125
36
-955
831
426
663
-421
970
138
709
314
-68
385
612
-211
-368
778
-810
824
79
512
-776
-652
324
-884
616
134
560
-783
-17
-791
-596
813
973
278
729
-554
951
153
-567
-627
559
237
-999
-733
76
807
193
-270
-395
708
745
967
178
-442
-403
99
644
-836
-123
633
-552
707
843
-101
822
-74
905
290
368
377
-411
-840
-398
250
-673
798
242
689
-706
433
-833
778
-181
805
776
453
-979
693
-923
273
-543
-947
903
445
425
765
248
-849
449
149
-100
-197
102
817
999
-535
-781
-440
121
107
-909
-538
455
229
-867
-671
-508
32
-956
-667
782
-451
-338
343
-744
213
-315
-925
-699
718
-391
496
815
-43
424
24
672
-506
-36
152
988
221
-578
-591
-979
468
313
30
-972
207
-191
287
-756
-14
-50
-732
880
-405
-213
471
826
323
-182
494
803
929
-457
-707
657
33
-522
-260
-212
784
-397
623
-959
-841
-506
779
-411
147
-316
301
362
-304
264
-562
-286
945
666
37
-190
-780
-274
829
-749
5
0
-306
838
-658
-992
-378
13
-979
-277
-999
-956
-729
166
-646
-897
-953
440
-775
-17
-240
854
-802
322
309
-425
-305
782
-563
670
-675
-50
-202
-767
371
-867
-990
711
500
204
-973
366
-328
-81
-624
323
799
949
-104
-858
-260
-153
920
988
-397
-793
484
79
650
-256
-353
732
-604
21
24
514
321
754
128
-378
-348
666
418
-776
829
217
415
872
200
578
-813
788
742
159
-291
-73
-541
-497
-666
-81
289
-102
-132
891
-747
1
-502
-395
515
469
984
-964
561
817
890
-611
804
858
80
-354
696
-431
643
899
-246
-320
542
-625
750
-890
-592
-608
711
-488
-398
-590
143
-859
693
869
843
803
-658
-16
-63
-658
-902
415
570
-28
528
-101
809
423
-418
589
276
-635
-141
-869
-463
-307
139
-729
-992
-940
525
-618
798
-221
-918
-572
-950
-330
-126
-20
329
-753
-164
-678
-880
-943
386
-742
219
111
-355
857
643
992
316
539
259
-676
-419
502
106
-451
315
676
-258
719
950
-400
-750
-356
988
856
-194
44
195
87
889
-339
39
656
-994
-284
-414
794
986
-965
-549
-664
753
-318
646
-914
572
-584
740
674
142
294
-481
976
322
-155
896
483
-217
989
-236
-27
402
320
-963
-235
-729
-819
-678
970
-384
-840
-99
996
-347
-675
-710
-716
-899
-987
956
827
-782
-667
777
-591
616
-868
401
-665
280
-501
184
178
-7
-850
-865
415
-356
487
251
-922
-374
-224
-728
-120
-108
434
-689
-203
583
148
412
385
741
-19
524
468
176
-7
678
-717
-884
-290
-704
-888
935
-905
52
-830
-288
43
-93
414
-735
172
-534
421
804
107
33
-181
-905
129
812
-391
142
-666
827
-915
-690
726
624
352
940
717
633
498
710
905
-91
-735
-60
-113
-922
602
882
-453
774
-318
759
849
363
-83
-215
-158
640
656
208
770
720
-177
522
132
-742
916
772
-224
-323
-737
-921
410
229
-519
123
690
-850
-325
-491
-172
-922
778
483
817
-473
350
-787
-69
271
84
260
-247
-3
701
-159
392
168
-455
-444
683
-10
-301
358
416
167
-37
-81
227
-300
-89
928
-468
-286
635
797
972
707
60
313
-31
311
-350
-343
824
471
788
-16
-884
747
-351
-19
737
-633
209
-257
-137
-299
-279
-508
-439
-796
249
103
160
919
940
89
-2
-2
-262
-513
202
-697
-716
-991
-87
982
-72
311
350
695
670
-647
-557
556
490
871
-587
691
-572
137
968
-210
-415
890
341
-13
795
-584
737
120
775
558
-428
68
-905
-752
721
943
-990
405
-31
-196
614
-207
597
753
179
-158
707
611
549
108
714
-260
-575
-886
41
-480
193
630
-440
-777
3
246
-487
358
-778
-335
15
-842
322
275
471
826
-807
762
270
-996
-862
858
-244
-19
-58
-662
-569
-636
-447
-46
-850
-136
120
705
-668
182
370
622
-395
142
352
582
423
-996
871
-532
650
-133
797
-887
874
110
823
632
-544
944
833
535
-614
805
-346
-451
-461
-856
303
-567
239
-898
245
256
-801
-409
39
-473
677
200
735
-984
-32
101
267
412
972
9
-930
-986
814
184
743
450
-143
51
-364
458
898
-888
-424
-254
629
-711
-253
421
691
-352
995
-614
870
-887
105
279
653
353
-432
899
386
-706
565
471
-208
202
119
-195
-120
-456
805
801
681
-375
165
-577
-907
-784
-581
20
794
446
462
-660
790
-510
-344
49
-294
-931
2
-476
-929
-37
-115
-747
-309
-328
-661
-146
823
-848
538
-791
692
296
312
-80
145
-959
216
-365
-31
32
-529
446
-202
258
-347
235
610
332
900
-96
-404
938
-937
-183
640
431
-383
792
-761
-105
213
246
686
996
-577
296
395
-989
-593
468
89
-378
979
503
-126
-334
-709
649
-568
220
954
906
-967
193
-651
-94
288
795
919
737
878
-321
-195
-31
721
-177
79
612
210
-935
-339
-261
-95
-286
-274
292
-705
-694
-692
837
-957
-792
812
477
-166
292
-382
-857
-739
-312
97
-207
-91
-885
-32
912
421
611
-947
593
-246
-612
-921
-493
-652
494
841
528
121
-474
-151
962
677
-96
-646
40
-476
20
-38
260
992
-615
159
169
-381
-925
-891
747
842
898
-879
89
113
744
740
564
965
506
579
452
571
-791
37
289
626
142
-341
-713
954
657
-151
718
-560
106
-35
526
129
-845
-111
754
-89
225
-11
-941
-403
50
-761
-803
-911
14
-739
-262
-577
688
665
944
100
96
670
883
-728
-347
173
263
-480
-429
-362
-867
4
-677
983
28
-562
-70
322
-756
59
-414
-853
511
-929
-110
-703
-566
909
-747
-361
464
-993
656
-981
-466
632
-925
279
-637
919
-103
-190
473
712
-544
-909
-831
-609
987
-900
-249
627
45
-28
-322
-685
-295
-50
437
716
-202
-144
-897
482
624
828
500
712
626
-443
-627
256
632
286
-659
-191
-8
-594
877
981
240
-140
637
475
-240
-632
866
-424
42
-292
674
858
974
931
-81
-282
78
-364
360
156
249
31
491
934
628
977
568
646
-820
381
-822
377
-971
-901
710
512
692
-262
467
979
74
-409
-927
386
-861
794
989
408
339
340
-20
-601
-173
-446
566
-329
-746
161
352
-55
863
-927
4
40
573
390
182
-58
806
-745
547
62
221
-944
-546
-681
188
805
-724
515
-801
-995
813
-943
922
617
624
-252
-752
-593
-102
116
775
303
781
-329
-217
-522
425
435
471
563
202
293
-363
-267
217
-509
-391
871
-100
606
-599
-505
738
555
-758
425
711
554
794
-1
-173
-406
-379
427
212
403
254
590
602
-610
257
161
651
189
-431
879
566
609
-342
-927
-745
-576
110
736
794
-317
937
613
-317
-235
-740
-981
505
-938
-678
-678
803
64
-339
-324
-980
615
-177
339
975
-201
688
196
-355
15
-223
-229
-953
-145
825
288
193
556
282
-492
-27
386
698
-670
249
252
-743
74
38
-377
-163
954
-498
671
-164
594
-801
-181
587
-908
-284
-719
-422
-357
127
-730
-867
-177
45
-313
-731
912
147
-1
0
320
-646
506
311
-567
-569
-379
-912
-780
-585
-975
590
168
-233
234
974
-881
583
191
770
309
471
258
-996
255
116
648
-61
157
-676
707
-49
396
-769
-419
131
301
469
-396
51
198
219
-136
594
-764
-747
-93
572
676
-816
-221
-937
-266
782
539
-517
-447
-353
-76
-801
384
-397
624
400
56
-515
-310
296
812
-636
546
-129
694
-155
-155
753
605
-675
519
181
-717
929
-650
375
719
-569
202
512
-333
126
-119
-404
-299
-316
301
-761
122
-434
961
973
-394
-955
955
550
-803
-916
545
25
-614
-519
-65
-898
-500
-253
-932
481
381
580
26
183
-195
-765
-716
105
536
-533
298
224
191
514
-513
35
165
-945
-347
-467
315
-32
160
547
-211
143
-55
-38
683
174
397
-109
208
-785
-304
147
-240
-43
469
-814
639
460
-875
58
-234
-112
715
746
727
-301
454
794
-812
199
-451
-55
714
-654
600
792
-271
477
-320
-957
631
20
206
795
-952
882
-752
230
545
-959
-408
-721
-372
-254
976
421
774
116
557
-778
372
495
246
-60
-515
492
-411
938
-162
464
108
548
631
-28
654
-299
-571
350
188
584
101
-698
-492
-533
321
280
988
847
842
763
-498
-569
7
-194
-615
292
425
507
641
-429
-960
-363
957
-750
626
216
593
284
81
-244
695
140
611
815
-838
-710
833
270
-461
-781
713
-155
225
-431
519
932
762
-472
900
730
-826
-726
-881
-401
920
914
56
-271
32
-664
493
536
207
-990
-960
585
-352
-241
-968
571
672
221
46
694
-970
-426
-153
688
228
324
603
-982
-895
-547
-271
-805
-719
303
-343
-18
-832
643
-605
-287
635
262
-178
-420
-564
-101
-368
532
109
875
713
420
613
484
85
637
-137
-179
-878
-634
-955
-303
741
75
-955
-666
-853
287
-858
859
-735
889
-971
86
-83
-117
361
-843
-902
130
722
-148
-859
385
-281
86
-670
562
900
527
-707
9
-752
673
-190
458
-14
614
908
463
-239
92
-917
216
548
469
-690
548
-399
-383
84
-290
-752
91
323
-289
715
457
-347
-936
243
32
-179
-64
391
-189
388
503
913
-798
194
756
-76
114
-318
-190
241
324
744
225
-590
251
236
-350
774
-634
-570
-528
467
-801
-209
866
-391
-925
-367
-277
-458
350
-347
-43
-686
-135
-661
878
-134
-546
711
123
-292
166
670
811
135
-897
-997
-945
278
-542
750
508
301
449
-67
-348
-178
-366
-550
-220
-509
490
-409
-49
756
76
242
317
931
-595
523
-765
763
93
-603
452
920
199
-446
-392
854
607
979
371
-673
391
260
142
-852
-661
-285
599
-908
-481
193
-257
599
386
997
969
895
149
682
688
-666
-491
-863
-988
922
-32
904
150
-645
-910
-749
769
853
698
904
-945
41
661
-602
797
-273
-166
-259
-311
641
521
853
28
-75
364
845
-227
-828
604
-202
-786
-361
-68
-493
-756
-645
-640
763
-51
-24
748
-330
-242
980
199
-640
901
-672
910
-812
-232
316
-660
483
394
920
-134
751
629
-932
-243
-893
416
93
104
-581
194
317
-686
535
-491
-842
-151
343
144
-375
-287
-112
-942
217
815
206
-487
88
-143
-680
488
-546
6
-392
-429
252
-853
755
393
-526
936
860
-671
133
-425
-455
929
583
715
98
833
651
-427
-636
-654
594
-539
-389
-640
-316
881
-273
-53
-611
-737
698
50
-478
257
-787
167
841
-747
-255
121
450
186
-787
369
-104
307
474
-54
-232
311
-446
956
678
875
-342
-69
293
846
300
626
-738
-754
121
38
899
-75
-337
491
-965
-899
-560
761
414
-682
344
-785
-485
-820
-448
-930
-816
-813
-404
-943
487
477
195
387
716
-492
-360
-147
-440
-2
-680
-511
-74
625
733
-171
-626
877
-486
586
-999
524
77
154
-317
469
-251
506
-412
676
964
-275
-153
823
-576
422
-804
287
39
-277
248
-811
-444
-781
-793
654
-848
396
-321
201
-57
-512
-485
293
-621
-918
-795
-207
-678
881
129
898
729
181
-236
338
-640
321
762
677
498
554
-350
740
199
-456
-513
-837
-813
-504
720
85
-114
616
-596
-134
-264
-576
-120
-135
650
483
653
-269
929
-269
299
585
-868
867
-74
-232
-950
-351
395
-479
-883
-276
274
-100
72
433
-78
611
-471
-714
-259
-870
982
509
-707
276
-362
-886
-989
349
573
928
350
-111
576
41
-983
-239
994
-390
712
893
-146
-58
205
-336
-417
-98
-771
-293
666
-159
384
-807
539
821
-741
744
-807
-413
232
-870
942
-26
210
-195
105
48
-491
-510
663
456
-9
-865
222
-957
851
-376
-309
-142
178
539
-217
-497
-909
623
-481
592
309
-798
569
477
686
970
-447
330
-739
447
720
915
-582
243
-55
-535
-259
-580
-146
995
246
183
16
711
-196
-610
374
92
505
-469
-587
358
-461
-998
-93
512
-135
-216
984
798
-73
690
669
-892
132
773
-635
174
-184
483
-953
-524
325
-777
-947
731
189
590
-501
-873
444
148
-724
-89
-502
-697
99
543
959
-963
-602
-294
-116
554
-5
-660
-665
736
401
-457
939
172
-997
-225
-208
-138
-533
437
-676
-856
-571
-973
-923
441
-831
-18
899
-293
325
265
-398
-483
52
701
-511
948
570
682
-374
840
-841
814
383
311
-838
-2
229
609
703
487
484
231
-482
-832
-819
898
-49
-372
-882
982
352
947
-54
352
-820
568
46
582
-957
561
976
-358
107
-192
-419
-171
384
572
-670
-323
636
636
-968
610
336
520
20
690
-149
433
788
-952
-642
251
-621
738
890
-240
137
670
-579
798
-292
-380
19
-653
201
51
-686
-637
533
-331
362
186
-890
852
-120
-154
377
831
88
195
-943
392
-439
-401
243
-241
203
-323
824
457
-446
-569
45
499
270
-236
219
-731
-25
-483
-83
631
-866
529
462
719
822
34
-653
-26
-990
-353
-464
-443
265
653
550
614
103
-445
499
-476
-316
-717
706
-902
560
-623
-461
667
-50
634
101
-18
-183
-577
91
786
938
838
724
-149
-445
971
940
301
91
-902
-270
-919
-616
-610
-54
458
-973
752
518
-860
439
-277
-617
859
-199
-963
-633
-291
675
-734
631
-943
730
626
838
77
-33
-729
590
929
-338
709
-52
-834
-886
906
-664
-30
119
-37
636
9
995
-532
814
7
761
964
39
-469
674
-4
427
363
143
-567
843
-771
-512
-968
-225
272
418
704
524
334
880
-91
-21
641
465
363
265
823
701
8
-422
250
-335
-942
-676
634
397
178
393
-477
-489
-270
-32
-200
-258
111
-789
701
104
894
998
884
636
593
107
-519
-372
-796
-1
-296
-218
274
-843
762
927
632
677
595
132
301
-777
-408
-924
458
148
957
-916
956
-964
-588
876
283
-903
-963
-824
-74
866
-813
-996
526
746
-403
-140
-954
567
-699
-381
630
-125
-954
-957
-934
-99
881
702
991
689
26
469
-985
-162
-274
-874
888
-728
236
-837
37
-503
781
-754
466
957
301
-432
-53
-909
-337
550
336
81
-17
-933
-571
-238
596
-119
858
325
-197
268
517
-661
651
-255
531
359
-229
356
-182
-116
302
608
858
-284
887
917
-685
61
174
732
-199
854
-163
752
-330
-671
617
913
814
-102
524
165
191
-754
624
818
-275
-485
-212
247
-589
34
-489
-983
481
460
-275
-74
236
-886
-475
-831
295
-458
252
911
-475
-981
-323
-835
872
239
-474
-953
-938
-602
-599
-796
820
-16
10
-954
57
86
179
-825
-644
-714
-757
275
-47
823
607
832
826
-79
-372
203
162
-771
-46
-494
400
-578
400
579
979
864
944
315
691
-346
809
-652
-464
400
37
839
-476
-295
535
136
-516
-475
-214
-812
-329
803
74
-696
762
73
-459
95
382
254
158
-562
625
174
-725
-457
333
39
-959
-180
199
-4
80
251
921
867
-623
-221
71
49
625
81
429
392
698
-305
807
-200
-364
-209
-805
-201
-381
291
-947
-124
991
675
-683
-814
42
316
-226
-109
-687
708
-884
565
-138
234
666
-329
315
993
199
-34
-143
9
-788
-47
-411
-449
521
-72
-103
-921
769
-852
785
867
608
-737
13
-375
590
-91
748
-923
378
23
-261
652
-164
-304
-516
135
536
717
-172
-806
803
-174
516
-765
-116
-507
-657
800
276
586
-523
-416
-74
-446
657
-684
962
156
826
-506
-275
219
-119
213
-975
-595
803
821
-99
-347
-414
-266
696
-983
165
-173
-839
86
-296
955
-105
551
-955
-426
515
102
-65
746
378
-346
-298
823
504
-245
-587
426
-338
-382
-275
-393
224
-549
964
753
185
972
-245
631
-355
171
-492
792
86
576
796
661
929
-761
-3
362
-180
-85
-225
-436
-87
-192
-879
381
568
-304
851
572
385
664
89
39
498
976
-670
-52
-839
237
-994
-355
690
610
-110
818
-208
760
632
437
988
336
430
550
381
-789
-319
944
61
101
255
-751
-40
815
-517
-587
-691
-653
558
-840
962
-549
421
-599
-879
950
956
583
206
-111
687
-71
657
858
635
782
257
-110
-774
-505
162
-432
110
407
-545
-377
241
163
-206
-407
-88
-500
659
-463
227
180
-406
-612
-971
-231
809
68
619
-244
572
-176
967
491
-567
-105
578
-469
-903
-346
463
-241
559
943
437
670
-319
-382
-544
27
556
286
603
-795
184
647
-831
519
-842
462
-703
442
-665
555
853
-467
383
945
-418
-741
231
945
-218
-639
264
176
176
-797
-597
101
507
-166
-608
-917
-810
-708
702
362
584
-439
43
157
-198
655
294
-815
-553
-890
702
459
608
-825
850
411
-491
185
-552
380
-462
-24
-997
176
-133
-992
-55
-992
-927
-80
881
378
445
-978
209
-750
616
-999
-516
-85
586
-554
796
-117
18
932
1
-286
-493
-361
186
-377
-753
-686
-240
746
597
-596
541
694
-139
804
336
-884
-898
-43
5
300
745
408
490
-182
-599
540
-817
249
-549
-23
-501
-141
469
122
280
725
-743
368
587
-263
-905
-658
-981
516
166
66
129
618
-152
-252
-434
-780
671
-735
494
-502
-87
-632
84
5
377
45
378
-425
-761
87
791
-194
533
-846
149
157
565
1
915
-875
436
-928
843
-904
-21
880
85
-189
-214
-218
486
-803
535
-762
646
735
-941
734
816
-718
397
103
728
165
283
-463
-61
-688
-60
-421
897
760
-1
-671
-318
928
591
-210
198
191
-54
-250
85
392
-176
787
69
225
612
288
-836
-717
-596
438
-103
109
911
-947
74
699
950
764
952
-115
-837
514
-457
407
-604
550
-46
-6
618
626
141
-996
-849
435
86
670
-476
717
712
364
-34
640
-255
881
-913
541
547
343
383
-705
95
258
825
287
-740
-521
19
564
-932
87
-383
121
-779
-137
907
-928
249
-196
6
132
-115
885
-156
-104
-91
65
956
-340
900
-558
225
-351
561
518
393
678
-239
339
-863
-391
-797
-360
89
-121
-487
-994
478
-424
340
122
662
907
-640
-114
-353
-492
513
-892
-51
-35
548
-944
-233
366
-103
906
-348
-72
-341
919
-86
295
-655
-158
857
900
725
-887
-936
-995
-743
214
690
-70
126
493
434
-414
-565
-892
50
-297
115
-869
365
61
-431
-414
755
-220
467
720
615
376
-982
76
-846
-123
-384
-274
389
35
-213
487
218
552
882
754
55
538
5
331
778
470
213
703
-858
-650
196
-994
885
-655
-267
-290
-517
-623
265
-641
393
-752
650
-638
-749
501
-166
842
785
767
453
-697
622
732
-672
-455
414
228
-777
791
713
167
-985
-976
-305
-936
262
-318
-611
128
414
173
98
-260
34
-440
-870
-136
-511
901
979
572
-73
98
388
907
455
-480
326
309
-465
115
332
-674
997
114
-467
633
620
-435
32
-378
-738
-611
104
-437
235
971
743
770
976
905
836
-614
-434
-857
-990
840
208
785
-10
826
635
-25
-758
-411
83
246
647
-882
590
827
573
-986
-189
718
-106
838
-165
-780
476
285
708
88
-553
201
-78
42
50
-4
-799
-866
303
399
430
61
473
-92
-244
292
-614
-241
-509
-84
823
826
677
891
626
-730
-202
461
-474
454
-907
-315
-716
-541
672
-655
-41
-57
131
450
-926
966
-836
-357
663
-629
457
-72
-664
105
762
546
505
773
-641
846
680
633
827
284
-838
-864
293
556
41
920
-960
537
-922
737
-784
-545
-872
210
457
-181
-275
486
689
-384
160
840
-107
-991
768
-137
76
-985
-766
-39
784
933
103
521
458
-26
790
300
287
-12
282
887
221
233
-125
433
-808
-68
927
-671
575
-972
567
443
-291
24
79
-119
365
-208
960
126
230
76
728
20
273
412
-288
132
-30
844
-907
-817
-711
-229
335
-787
-739
-148
-616
631
-936
706
805
54
221
-5
-15
814
281
999
78
-205
-706
837
-875
-649
-877
981
67
533
-595
911
-692
186
-966
-3
-12
-210
538
-284
-799
-264
-772
987
-493
-434
-281
425
123
427
393
-66
507
529
-278
100
823
-243
-907
857
-226
-122
503
392
476
-492
436
801
984
-563
-305
-231
-246
203
-987
350
75
569
195
-887
602
556
123
-403
-407
-343
-378
-177
351
17
-713
980
-570
107
-842
379
300
625
118
-338
-580
314
142
263
827
884
99
-150
51
-265
-143
-192
600
-748
755
-305
-422
935
332
934
618
894
56
688
-620
186
333
-2
805
-546
579
-875
-4
-209
218
990
187
-889
236
77
463
-917
-422
160
831
294
566
-919
-722
820
-297
-86
-835
-196
202
-56
941
481
433
-54
933
-644
-60
-374
740
806
248
678
865
-162
31
462
-166
-53
-547
-439
-533
140
573
267
617
-132
-140
694
411
-865
-786
-163
553
518
403
491
472
446
-429
217
340
-375
-19
322
163
-488
385
208
-569
-599
923
-807
261
938
851
-802
906
439
310
-214
455
749
-890
170
-512
501
-691
269
297
91
288
193
418
430
367
429
-797
231
802
-114
182
990
-830
198
217
-967
-220
-924
-823
754
49
-506
-352
-843
-28
565
156
-104
-740
-437
-54
417
-79
530
568
262
-727
614
-148
-37
-850
548
426
-143
-850
-563
-570
33
253
97
-542
-394
961
-193
-928
-950
274
462
5
787
830
307
112
-803
-171
-402
-642
-303
998
-993
-229
888
-520
113
-216
-517
-904
194
197
-610
-231
291
-52
603
115
637
529
-567
-170
-803
964
312
401
-308
-138
701
144
-797
-77
-199
316
-637
124
-620
248
313
-136
-569
-293
-968
-733
-118
415
-431
236
-707
-908
-244
-534
344
-553
-182
701
-670
-311
-215
890
-793
-400
-531
-761
16
-818
-144
719
375
-624
-4
849
759
146
519
555
-203
-130
-143
-288
-708
-282
704
450
404
-935
-609
178
-419
-655
-122
-426
-498
579
932
-542
43
263
691
-210
390
151
957
901
526
-295
560
-835
890
440
-204
640
-442
20
-604
40
-274
42
845
8
-692
-997
-510
580
255
-730
879
459
-315
-278
-797
-637
-972
22
322
-690
-115
810
-164
-583
351
423
484
3
-659
-222
-839
626
-319
-189
369
-17
-445
205
376
300
397
-501
-644
-978
-313
811
-80
158
-224
945
-278
-373
713
291
222
-383
920
-102
-148
101
-352
-908
-107
-198
-770
-790
184
-550
617
-707
99
-640
368
-812
690
-622
144
-515
-91
485
627
-797
743
232
746
-441
-129
-70
-979
-671
-498
-490
346
-492
491
-265
-193
-438
-782
244
-540
-1
-71
669
250
943
244
352
-732
-175
-175
-330
55
-86
75
257
668
-561
257
943
-728
779
-160
911
403
-868
-655
112
77
227
803
-472
50
-983
-435
925
-610
-527
-408
-115
-563
-748
813
620
-109
240
-656
910
-58
332
-989
259
290
209
-118
995
121
715
439
-348
-298
317
50
655
349
-441
-152
-294
876
-924
396
586
48
120
74
522
-628
495
-589
-714
437
-745
-994
-282
-311
-890
842
-834
-985
582
399
199
335
-210
342
436
-584
75
-857
684
887
-292
805
-535
840
394
439
284
438
415
902
-555
560
840
923
-165
238
814
-151
64
476
-397
633
-179
-913
-202
930
19
856
73
-730
849
799
-845
-892
-752
-138
934
-661
-998
-127
-17
302
-882
251
-511
533
706
-998
-147
245
-670
-291
-146
298
548
846
-455
-926
-594
-87
-834
-223
-156
-251
23
503
598
591
-865
287
830
821
-421
-428
-470
496
43
-964
-201
-838
-953
-738
-88
-72
-722
302
-435
-726
-66
331
955
-848
-417
-339
-615
323
416
-190
897
77
-993
941
789
600
991
-651
899
-903
-396
857
725
-369
696
-591
840
549
336
-137
-439
-569
662
-943
-586
253
453
-729
101
379
256
-734
-642
-166
-83
377
-490
-800
-217
-735
-45
848
791
290
417
697
-350
-800
328
874
125
808
154
902
-721
-886
-83
123
363
182
922
657
129
315
113
414
-758
-821
291
-469
-837
219
-74
676
650
-316
56
901
-336
828
32
167
766
-985
-833
28
361
-278
-655
-261
-879
-718
-860
71
-536
666
974
-616
956
-938
717
322
-179
749
-138
723
4
-776
253
753
-717
-339
-192
-394
650
-900
-546
-310
434
219
908
-366
-166
-468
-97
-900
-799
-473
-337
130
360
709
-196
-73
-100
530
279
-202
-179
422
418
67
407
-295
-905
-483
-954
-157
671
219
-180
-552
-3
770
-311
824
430
-848
-554
143
-838
824
-642
116
783
-457
-540
-737
840
-824
-774
-244
-733
-107
250
270
-746
156
-417
-916
284
139
267
-272
-865
876
-329
-214
-802
-741
665
-17
667
482
-85
-220
-542
-971
648
-573
-824
962
866
405
561
-660
875
99
-690
-807
-226
-269
954
593
-476
87
-578
980
-351
-581
222
731
-252
573
484
-755
-272
212
646
222
363
541
596
-283
-501
-949
-830
-861
961
-729
-721
-527
-291
117
-25
-273
275
-693
-621
682
801
-39
-88
306
523
22
-808
-101
793
201
558
230
-855
50
-718
340
985
-673
12
-210
-518
-444
-746
348
454
685
287
-933
843
-642
-78
-777
-97
-926
481
615
688
604
-460
-702
-962
444
218
387
-567
-207
-684
-324
-759
-442
-414
219
-814
252
71
688
-782
-144
688
404
839
-662
77
760
-33
709
371
150
-343
965
259
-442
181
-905
-275
-53
-536
463
-423
-973
-55
-965
611
-24
437
-329
836
228
849
97
314
-582
408
42
464
805
256
335
-615
186
435
-132
-384
22
926
242
-250
334
-445
915
390
-560
56
87
265
394
284
793
-241
19
574
334
527
-243
-672
-71
-119
109
-947
7
155
-37
870
83
406
347
-119
60
-284
126
-171
-846
2
351
-946
-118
744
268
-880
350
-937
-443
477
269
-792
313
-149
828
-350
-292
442
78
39
-190
479
-414
-473
-825
-901
450
-793
-187
707
228
651
952
-850
-867
755
136
43
-972
583
-553
583
924
647
796
-391
-777
684
-11
602
-732
752
-970
178
646
-687
-377
-419
-541
555
150
-784
-478
351
-697
-161
-576
534
939
-947
318
-877
-119
-419
589
401
-150
430
-255
-167
-787
-416
-964
-887
-357
-971
216
654
34
-438
-546
-926
810
-460
-885
-993
215
176
924
-313
327
-138
-110
-665
291
169
-233
-793
36
-516
-329
116
-114
-318
-33
427
259
-733
43
743
748
437
579
510
-887
780
155
418
-966
-710
-550
369
-588
716
-4
-83
-672
144
796
-242
636
178
654
694
396
339
-775
315
-492
-813
662
785
904
-997
-261
-513
-595
-655
133
-249
96
-578
-789
642
333
-450
575
-426
-972
-667
-834
661
722
64
116
-688
419
-575
498
491
778
-796
372
23
656
-18
446
-178
-569
819
-977
-404
-615
478
-17
-568
-144
-427
-630
-411
521
-123
91
917
819
16
801
-70
-32
704
14
-662
913
958
374
-147
369
-102
-776
538
-433
-695
-605
-880
971
260
871
603
-939
-610
377
836
550
-584
780
300
-343
-517
-680
-423
186
185
239
528
569
-724
-488
502
-435
-456
-914
-496
-423
-395
-813
318
-64
-135
-206
-732
-232
277
-3
930
479
-821
432
773
831
-455
-447
-500
886
98
188
57
976
488
-62
972
-787
874
-178
-101
-991
58
701
833
557
-129
139
91
281
-479
494
-943
-127
534
466
-386
930
-619
-840
-609
938
-779
484
516
203
594
-511
172
15
-745
927
-302
473
145
-916
-682
205
260
478
-554
460
-321
616
315
-761
-59
63
-307
446
440
-759
-909
522
599
-4
-700
860
-190
-159
749
172
304
-33
-591
-378
-843
505
-963
585
729
-583
-571
858
803
-728
-147
944
601
577
643
968
-40
-974
-338
405
-448
-89
-19
841
15
-118
219
-604
163
-956
-692
808
-562
-922
548
727
941
805
-284
408
531
241
-37
-708
-876
-298
-456
-75
-422
-83
406
685
-26
-693
387
-68
781
-151
-879
306
655
345
394
834
203
474
213
-241
979
-92
691
-29
914
-630
730
-107
251
-566
-391
-618
116
607
-355
177
757
549
586
-431
199
-14
245
-663
-803
27
-616
733
471
-762
551
-412
98
-215
-991
-870
-639
-581
89
-801
-347
675
557
-90
103
977
735
615
269
-755
-102
264
477
-761
227
2
-120
-733
971
262
813
-211
-662
-730
41
-720
-260
554
739
-426
-179
-863
5
-730
-98
-823
-575
-267
13
188
-571
717
-705
992
-138
69
-176
-850
909
-874
-970
-505
-211
-784
261
711
585
-509
316
421
437
-165
575
745
-242
-294
-14
-754
872
-661
-705
-154
987
-596
-91
436
483
-141
-827
339
-411
-486
-987
-451
334
177
-617
77
-202
988
-680
-558
-809
764
-942
329
-70
4
313
-554
876
408
197
-520
512
703
-631
-682
433
649
-851
55
-285
-552
-575
471
721
549
-835
853
802
613
-144
-138
500
713
-412
-560
28
-672
-182
-511
-353
733
705
-632
689
247
-264
-80
589
174
479
-538
-495
-289
-54
-41
-74
869
290
963
115
-181
563
-99
-55
-739
46
438
-963
804
-693
705
986
353
-121
43
-565
-220
-296
-335
791
-205
686
135
19
-107
64
268
-465
110
898
-632
344
-791
901
67
608
-76
592
905
-291
-771
278
-537
282
-655
500
915
122
-514
489
-197
-212
105
818
-60
45
-967
2
-564
-876
126
-272
-149
285
204
336
833
86
-923
-673
-607
-941
881
395
738
-902
173
-670
-479
-939
28
-150
819
88
-605
-419
-406
-447
423
574
-149
-836
981
306
740
-378
123
600
-596
464
521
-50
490
-870
250
932
464
343
144
470
-620
399
-778
-624
-664
916
-361
671
352
-637
577
-674
127
-156
58
146
384
-470
-91
1
-961
-237
332
345
628
-776
-856
-221
112
177
617
-729
723
324
-295
833
-99
-448
151
-252
338
-901
-759
-671
-42
-542
235
120
401
361
446
493
54
852
918
802
-277
-308
163
50
3
183
-543
-35
-151
547
208
85
-571
953
-678
437
601
-779
30
-436
-121
-701
-906
331
13
-42
268
-202
-801
161
770
-303
84
-848
49
-505
679
-181
200
-484
761
-605
-981
652
214
-921
36
256
959
-631
-762
539
482
436
560
-848
318
326
405
125
601
53
-333
-217
-604
632
498
594
176
750
-402
681
446
-154
745
903
-558
-385
-67
61
-287
-594
-53
-491
-781
842
-903
480
644
-476
875
909
629
484
-801
-820
894
-106
-412
-279
115
186
381
-361
135
-457
953
450
199
360
259
-792
331
226
947
-433
-153
93
-444
-13
-89
-170
-291
872
960
511
566
-210
-837
852
29
-992
-171
-505
806
385
-472
-941
-268
-552
-212
215
313
60
794
634
-582
400
343
242
961
797
-896
847
-355
982
435
267
-400
-108
-105
-358
439
-379
679
452
500
-287
417
-864
40
-950
-647
230
-422
-220
457
-379
-644
-541
-419
-931
-195
116
657
270
813
-480
398
273
4
283
-751
-230
-99
-4
-458
-331
39
323
924
964
508
-43
-923
284
245
-242
-771
111
-120
970
50
60
-307
582
264
794
-241
-42
-810
-284
398
232
619
-273
-231
120
-828
685
929
-638
357
-206
-322
-944
889
966
-158
-602
-229
-484
-181
-117
-135
-21
-280
124
-718
-68
-933
929
434
112
-162
366
835
312
-911
952
-119
731
-235
79
-382
929
-479
-202
640
153
751
-485
-390
226
897
-469
79
999
232
185
931
720
643
-54
927
117
-592
-31
-830
235
-931
437
-370
-961
-894
-946
-589
692
595
-225
996
-30
-633
260
632
54
-850
-514
460
356
40
-809
-267
568
624
-533
-768
593
734
-276
827
-819
-699
30
299
-801
709
-752
430
870
378
