---------- Raw Physical Memory ---------------------------
    physical       memory   frame
     address     contents   number
    (binary)     (binary)   
-------------------------------------
     0000000     01111000   frame 0000 (0)
     0000001     01100000
     0000010     11101010
     0000011     00010011
     0000100     01101101
     0000101     01000011
     0000110     10100010
     0000111     10010100
-------------------------------------
     0001000     00111100   frame 0001 (1)
     0001001     10011000
     0001010     00111111
     0001011     10100010
     0001100     00100001
     0001101     10110111
     0001110     10101110
     0001111     10111101
-------------------------------------
     0010000     00011001   frame 0010 (2)
     0010001     11001110
     0010010     01010100
     0010011     01010101
     0010100     11011011
     0010101     01110010
     0010110     00111010
     0010111     11111010
-------------------------------------
     0011000     10000111   frame 0011 (3)
     0011001     11000011
     0011010     10011000
     0011011     01010111
     0011100     11101010
     0011101     10000011
     0011110     11000110
     0011111     01100010
-------------------------------------
     0100000     11100011   frame 0100 (4)
     0100001     10110000
     0100010     01110101
     0100011     01010000
     0100100     11110011
     0100101     00011000
     0100110     11100100
     0100111     00101111
-------------------------------------
     0101000     10110000   frame 0101 (5)
     0101001     00100011
     0101010     11010010
     0101011     11010001
     0101100     11011011
     0101101     10000000
     0101110     10001110
     0101111     11110100
-------------------------------------
     0110000     01001110   frame 0110 (6)
     0110001     11100010
     0110010     01001001
     0110011     00101001
     0110100     01010100
     0110101     10000100
     0110110     00100011
     0110111     11011100
-------------------------------------
     0111000     01000111   frame 0111 (7)
     0111001     10111011
     0111010     00110011
     0111011     00110001
     0111100     00111111
     0111101     11111001
     0111110     10010011
     0111111     00100010
-------------------------------------
     1000000     10101001   frame 1000 (8)
     1000001     00001001
     1000010     01110011
     1000011     10011101
     1000100     00100001
     1000101     01010111
     1000110     11001100
     1000111     11010001
-------------------------------------
     1001000     01111011   frame 1001 (9)
     1001001     10011110
     1001010     10100010
     1001011     01010110
     1001100     00011110
     1001101     00110000
     1001110     01001010
     1001111     01101100
-------------------------------------
     1010000     00010011   frame 1010 (10) : This is the outer page table.
     1010001     00010100
     1010010     00010110
     1010011     10001101
     1010100     00011000
     1010101     10001011
     1010110     01000011
     1010111     01011111
-------------------------------------
     1011000     10001001   frame 1011 (11)
     1011001     10010000
     1011010     10010101
     1011011     10001000
     1011100     10000001
     1011101     00100011
     1011110     10000110
     1011111     11101111
-------------------------------------
     1100000     00101100   frame 1100 (12)
     1100001     01001001
     1100010     10110110
     1100011     01001101
     1100100     10100001
     1100101     10000010
     1100110     00011110
     1100111     00011100
-------------------------------------
     1101000     00100001   frame 1101 (13)
     1101001     10001100
     1101010     10000010
     1101011     10000111
     1101100     01110001
     1101101     10100100
     1101110     11000011
     1101111     11011110
-------------------------------------
     1110000     01010000   frame 1110 (14)
     1110001     01000010
     1110010     01101011
     1110011     01101000
     1110100     11111011
     1110101     10101111
     1110110     11000111
     1110111     01110000
-------------------------------------
     1111000     00100101   frame 1111 (15)
     1111001     01010111
     1111010     00100100
     1111011     10010101
     1111100     01111011
     1111101     11111011
     1111110     10101110
     1111111     10100111
